; GH1 Redux songs
(allofthis (26087 44401 55707 62073))
(behindthemask (20948 36400 45637 50512))
(graveyardshift (13261 34528 45782 56482))
(spanishcastlemagic (35083 55049 65809 76952))
(thunderkiss65 (40409 63198 73572 95009))
(trippolette (18430 30596 47535 60034))
(barkatthemoon (63469 86497 110943 126529))
(aceofspades (41246 55036 83168 88328))
(frankenstein (40289 50972 72513 92842))
(heyyou (39344 51830 89341 96635))
(higherground (43741 65547 90741 108447))
(infected (51698 75373 99443 106328))
(iwannabesedated (27831 60317 93566 106252))
(killerqueen (34594 41714 49372 51960))
(smokeonthewater (59852 77281 102416 117541))
(stellar (38046 49572 59171 60777))
(takeitoff (32778 47631 71223 74346))